32
A/California/07/2009-Vaccine    0.0000000 1.1906474 1.2943180 1.4464956 1.6609129 2.2857788 1.1124721 1.1906474 0.6083614 1.0029445 1.1363649 1.2539892 1.0086701 1.1906474 1.1267628 1.5586973 1.1267628 1.2610523 1.1958714 0.8813172 1.2610523 1.2808807 1.2610523 1.3334697 1.9385697 1.9478284 1.6826906 1.5192683 1.5158896 1.3233487 1.3233487 1.3233487 
A/England/336/2015              1.1906474 0.0000000 0.4672701 0.5220016 0.9384864 1.0498845 0.4600467 0.0000010 0.2310252 0.0384442 0.1825127 0.0576999 0.1761631 0.0000010 0.0219670 0.0226168 0.0219670 0.0070504 0.0143367 0.2809318 0.0070504 0.0070894 0.0070504 0.0144346 0.0493390 0.0684593 0.0573951 0.0378007 0.0379979 0.0678344 0.0678344 0.0678344 
A/England/340/2015              1.2943180 0.4672701 0.0000000 0.0469327 0.1046410 0.5762585 0.1786571 0.4672701 0.2381612 0.4308127 0.5868690 0.5595353 0.5264925 0.4672701 0.5841853 0.6617387 0.5841853 0.5074026 0.5419885 0.2955007 0.5074026 0.5147135 0.5074026 0.5493706 0.8911285 0.9186176 0.8469695 0.6629607 0.6626551 0.6048977 0.6048977 0.6048977 
A/England/341/2015              1.4464956 0.5220016 0.0469327 0.0000000 0.1088518 0.6607573 0.1880644 0.5220016 0.2545811 0.4796341 0.6615848 0.6340425 0.5937967 0.5220016 0.6572690 0.7488365 0.6572690 0.5682945 0.6095391 0.3288301 0.5682945 0.5771866 0.5682945 0.6162257 1.0039356 1.0311254 0.9522175 0.7476651 0.7453099 0.6848902 0.6848902 0.6848902 
A/England/353/2015              1.6609129 0.9384864 0.1046410 0.1088518 0.0000000 1.1772265 0.3617957 0.9384864 0.5021371 0.8803482 1.1372688 1.1166224 0.9296690 0.9384864 1.1275286 1.2709837 1.1275286 1.0022671 1.0647541 0.7517257 1.0022671 1.0183986 1.0022671 1.0682076 1.6270275 1.6465566 1.5358115 1.2477540 1.1124037 1.1832288 1.1832288 1.1832288 
A/England/357/2015              2.2857788 1.0498845 0.5762585 0.6607573 1.1772265 0.0000000 0.2879722 1.0498845 0.6148081 0.8790741 1.1230563 1.1031272 1.1701591 1.0498845 1.1138353 1.3813115 1.1138353 1.1138353 1.1755962 0.8746593 1.1138353 1.1307977 1.1138353 1.1796647 1.7232757 1.7387330 1.4950854 1.2275837 1.3492237 1.1660005 1.1660005 1.1660005 
A/England/358/2015              1.1124721 0.4600467 0.1786571 0.1880644 0.3617957 0.2879722 0.0000000 0.4600467 0.2094667 0.3702248 0.4982308 0.4711016 0.5143209 0.4600467 0.4972224 0.6399847 0.4972224 0.4972224 0.5290867 0.2496710 0.4972224 0.5039324 0.4972224 0.5362319 0.8567488 0.8839434 0.7191953 0.6417426 0.6419641 0.5095893 0.5095893 0.5095893 
A/England/364/2015              1.1906474 0.0000010 0.4672701 0.5220016 0.9384864 1.0498845 0.4600467 0.0000000 0.2310252 0.0384442 0.1825127 0.0576999 0.1761631 0.0000010 0.0219670 0.0226168 0.0219670 0.0070504 0.0143367 0.2809318 0.0070504 0.0070894 0.0070504 0.0144346 0.0493390 0.0684593 0.0573951 0.0378007 0.0379979 0.0678344 0.0678344 0.0678344 
A/England/41780007/2014         0.6083614 0.2310252 0.2381612 0.2545811 0.5021371 0.6148081 0.2094667 0.2310252 0.0000000 0.1785828 0.2522775 0.2245222 0.2497564 0.2310252 0.2947733 0.3221299 0.2947733 0.2529577 0.2708053 0.0930927 0.2529577 0.2557024 0.2529577 0.2766147 0.4478765 0.4859127 0.3769106 0.3363377 0.3409846 0.2466669 0.2466669 0.2466669 
A/England/53640770/2015         1.0029445 0.0384442 0.4308127 0.4796341 0.8803482 0.8790741 0.3702248 0.0384442 0.1785828 0.0000000 0.1372785 0.0307265 0.1295997 0.0384442 0.0659993 0.0684958 0.0659993 0.0473819 0.0562857 0.2079140 0.0473819 0.0476858 0.0473819 0.0568392 0.1050698 0.1300184 0.0898950 0.0855342 0.0862006 0.0394000 0.0394000 0.0394000 
A/England/54480152/2015         1.1363649 0.1825127 0.5868690 0.6615848 1.1372688 1.1230563 0.4982308 0.1825127 0.2522775 0.1372785 0.0000000 0.1743314 0.1950396 0.1825127 0.1972889 0.2563966 0.1972889 0.2011419 0.2168708 0.3126469 0.2011419 0.2031578 0.2011419 0.2212905 0.3582240 0.3982071 0.3036689 0.2734681 0.2774822 0.1928425 0.1928425 0.1928425 
A/England/54780039/2015         1.2539892 0.0576999 0.5595353 0.6340425 1.1166224 1.1031272 0.4711016 0.0576999 0.2245222 0.0307265 0.1743314 0.0000000 0.1673044 0.0576999 0.0892477 0.0931858 0.0892477 0.0679603 0.0779909 0.2759723 0.0679603 0.0684406 0.0679603 0.0789088 0.1380228 0.1679075 0.1184484 0.1115765 0.1126411 0.0070020 0.0070020 0.0070020 
A/England/54820159/2015         1.0086701 0.1761631 0.5264925 0.5937967 0.9296690 1.1701591 0.5143209 0.1761631 0.2497564 0.1295997 0.1950396 0.1673044 0.0000000 0.1761631 0.2338048 0.2539375 0.2338048 0.1955748 0.2121637 0.3151886 0.1955748 0.1976474 0.1955748 0.2167609 0.3648934 0.4076578 0.3050263 0.2724243 0.2336353 0.1865406 0.1865406 0.1865406 
A/Saint-Petersburg/RII425S/2015 1.1906474 0.0000010 0.4672701 0.5220016 0.9384864 1.0498845 0.4600467 0.0000010 0.2310252 0.0384442 0.1825127 0.0576999 0.1761631 0.0000000 0.0219670 0.0226168 0.0219670 0.0070504 0.0143367 0.2809318 0.0070504 0.0070894 0.0070504 0.0144346 0.0493390 0.0684593 0.0573951 0.0378007 0.0379979 0.0678344 0.0678344 0.0678344 
A/Saint-Petersburg/RII599S/2015 1.1267628 0.0219670 0.5841853 0.6572690 1.1275286 1.1138353 0.4972224 0.0219670 0.2947733 0.0659993 0.1972889 0.0892477 0.2338048 0.0219670 0.0000000 0.0485005 0.0000010 0.0300228 0.0381820 0.3772102 0.0300228 0.0302029 0.0300228 0.0385057 0.0802671 0.1024230 0.0887138 0.0647086 0.0651363 0.1013269 0.1013269 0.1013269 
A/Saint-Petersburg/RII639M/2016 1.5586973 0.0226168 0.6617387 0.7488365 1.2709837 1.3813115 0.6399847 0.0226168 0.3221299 0.0684958 0.2563966 0.0931858 0.2539375 0.0226168 0.0485005 0.0000000 0.0485005 0.0309542 0.0394144 0.4312153 0.0309542 0.0311462 0.0309542 0.0397631 0.0837426 0.1073397 0.0925942 0.0670885 0.0675573 0.1061116 0.1061116 0.1061116 
A/Saint-Petersburg/RII720S/2016 1.1267628 0.0219670 0.5841853 0.6572690 1.1275286 1.1138353 0.4972224 0.0219670 0.2947733 0.0659993 0.1972889 0.0892477 0.2338048 0.0219670 0.0000010 0.0485005 0.0000000 0.0300228 0.0381820 0.3772102 0.0300228 0.0302029 0.0300228 0.0385057 0.0802671 0.1024230 0.0887138 0.0647086 0.0651363 0.1013269 0.1013269 0.1013269 
A/Saint-Petersburg/RII829S/2016 1.2610523 0.0070504 0.5074026 0.5682945 1.0022671 1.1138353 0.4972224 0.0070504 0.2529577 0.0473819 0.2011419 0.0679603 0.1955748 0.0070504 0.0300228 0.0309542 0.0300228 0.0000000 0.0220226 0.3135345 0.0144346 0.0145174 0.0144346 0.0221864 0.0593440 0.0582026 0.0675843 0.0465422 0.0468065 0.0787554 0.0787554 0.0787554 
A/Saint-Petersburg/RII854S/2016 1.1958714 0.0143367 0.5419885 0.6095391 1.0647541 1.1755962 0.5290867 0.0143367 0.2708053 0.0562857 0.2168708 0.0779909 0.2121637 0.0143367 0.0381820 0.0394144 0.0381820 0.0220226 0.0000000 0.3402461 0.0220226 0.0221517 0.0220226 0.0301000 0.0692420 0.0902218 0.0775455 0.0552437 0.0555806 0.0893111 0.0893111 0.0893111 
A/South-Africa/3626/2013        0.8813172 0.2809318 0.2955007 0.3288301 0.7517257 0.8746593 0.2496710 0.2809318 0.0930927 0.2079140 0.3126469 0.2759723 0.3151886 0.2809318 0.3772102 0.4312153 0.3772102 0.3135345 0.3402461 0.0000000 0.3135345 0.3182459 0.3135345 0.3494622 0.4148319 0.4571398 0.3448492 0.4428120 0.4482773 0.3099393 0.3099393 0.3099393 
A/Sweden/34/2015                1.2610523 0.0070504 0.5074026 0.5682945 1.0022671 1.1138353 0.4972224 0.0070504 0.2529577 0.0473819 0.2011419 0.0679603 0.1955748 0.0070504 0.0300228 0.0309542 0.0300228 0.0144346 0.0220226 0.3135345 0.0000000 0.0000010 0.0000010 0.0070602 0.0593440 0.0795254 0.0675843 0.0465422 0.0468065 0.0787554 0.0787554 0.0787554 
A/Sweden/35/2015                1.2808807 0.0070894 0.5147135 0.5771866 1.0183986 1.1307977 0.5039324 0.0070894 0.2557024 0.0476858 0.2031578 0.0684406 0.1976474 0.0070894 0.0302029 0.0311462 0.0302029 0.0145174 0.0221517 0.3182459 0.0000010 0.0000000 0.0000010 0.0070993 0.0597610 0.0801182 0.0680589 0.0468341 0.0471023 0.0793353 0.0793353 0.0793353 
A/Sweden/36/2015                1.2610523 0.0070504 0.5074026 0.5682945 1.0022671 1.1138353 0.4972224 0.0070504 0.2529577 0.0473819 0.2011419 0.0679603 0.1955748 0.0070504 0.0300228 0.0309542 0.0300228 0.0144346 0.0220226 0.3135345 0.0000010 0.0000010 0.0000000 0.0070602 0.0593440 0.0795254 0.0675843 0.0465422 0.0468065 0.0787554 0.0787554 0.0787554 
A/Sweden/38/2015                1.3334697 0.0144346 0.5493706 0.6162257 1.0682076 1.1796647 0.5362319 0.0144346 0.2766147 0.0568392 0.2212905 0.0789088 0.2167609 0.0144346 0.0385057 0.0397631 0.0385057 0.0221864 0.0301000 0.3494622 0.0070602 0.0070993 0.0070602 0.0000000 0.0700298 0.0685877 0.0784506 0.0557724 0.0561177 0.0904460 0.0904460 0.0904460 
FLU-2184/Patient-79             1.9385697 0.0493390 0.8911285 1.0039356 1.6270275 1.7232757 0.8567488 0.0493390 0.4478765 0.1050698 0.3582240 0.1380228 0.3648934 0.0493390 0.0802671 0.0837426 0.0802671 0.0593440 0.0692420 0.4148319 0.0593440 0.0597610 0.0593440 0.0700298 0.0000000 0.0683313 0.0781484 0.0794794 0.1033546 0.1552165 0.1552165 0.1552165 
FLU-2147/Patient-47             1.9478284 0.0684593 0.9186176 1.0311254 1.6465566 1.7387330 0.8839434 0.0684593 0.4859127 0.1300184 0.3982071 0.1679075 0.4076578 0.0684593 0.1024230 0.1073397 0.1024230 0.0582026 0.0902218 0.4571398 0.0795254 0.0801182 0.0795254 0.0685877 0.0683313 0.0000000 0.0994596 0.1013269 0.1277426 0.1872369 0.1872369 0.1872369 
FLU-2180/Patient-76             1.6826906 0.0573951 0.8469695 0.9522175 1.5358115 1.4950854 0.7191953 0.0573951 0.3769106 0.0898950 0.3036689 0.1184484 0.3050263 0.0573951 0.0887138 0.0925942 0.0887138 0.0675843 0.0775455 0.3448492 0.0675843 0.0680589 0.0675843 0.0784506 0.0781484 0.0994596 0.0000000 0.0878376 0.1119104 0.1332765 0.1332765 0.1332765 
FLU-2138/Patient-42             1.5192683 0.0378007 0.6629607 0.7476651 1.2477540 1.2275837 0.6417426 0.0378007 0.3363377 0.0855342 0.2734681 0.1115765 0.2724243 0.0378007 0.0647086 0.0670885 0.0647086 0.0465422 0.0552437 0.4428120 0.0465422 0.0468341 0.0465422 0.0557724 0.0794794 0.1013269 0.0878376 0.0000000 0.0843431 0.1249432 0.1249432 0.1249432 
FLU-2200/Patient-65             1.5158896 0.0379979 0.6626551 0.7453099 1.1124037 1.3492237 0.6419641 0.0379979 0.3409846 0.0862006 0.2774822 0.1126411 0.2336353 0.0379979 0.0651363 0.0675573 0.0651363 0.0468065 0.0555806 0.4482773 0.0468065 0.0471023 0.0468065 0.0561177 0.1033546 0.1277426 0.1119104 0.0843431 0.0000000 0.1262363 0.1262363 0.1262363 
FLU-2108/Patient-25             1.3233487 0.0678344 0.6048977 0.6848902 1.1832288 1.1660005 0.5095893 0.0678344 0.2466669 0.0394000 0.1928425 0.0070020 0.1865406 0.0678344 0.1013269 0.1061116 0.1013269 0.0787554 0.0893111 0.3099393 0.0787554 0.0793353 0.0787554 0.0904460 0.1552165 0.1872369 0.1332765 0.1249432 0.1262363 0.0000000 0.0000010 0.0000010 
FLU-2109/Patient-26             1.3233487 0.0678344 0.6048977 0.6848902 1.1832288 1.1660005 0.5095893 0.0678344 0.2466669 0.0394000 0.1928425 0.0070020 0.1865406 0.0678344 0.1013269 0.1061116 0.1013269 0.0787554 0.0893111 0.3099393 0.0787554 0.0793353 0.0787554 0.0904460 0.1552165 0.1872369 0.1332765 0.1249432 0.1262363 0.0000010 0.0000000 0.0000010 
FLU-2110/Patient-27             1.3233487 0.0678344 0.6048977 0.6848902 1.1832288 1.1660005 0.5095893 0.0678344 0.2466669 0.0394000 0.1928425 0.0070020 0.1865406 0.0678344 0.1013269 0.1061116 0.1013269 0.0787554 0.0893111 0.3099393 0.0787554 0.0793353 0.0787554 0.0904460 0.1552165 0.1872369 0.1332765 0.1249432 0.1262363 0.0000010 0.0000010 0.0000000 
