30
A/California/07/2009-Vaccine    0.0000000 0.5644674 0.5891938 0.6254233 0.7002072 0.9249231 0.5384355 0.5644674 0.3580051 0.4997314 0.5432784 0.5729316 0.5148296 0.5418539 0.6749129 0.5418539 0.5885304 0.5674220 0.4191883 0.5885304 0.5954775 0.5885304 0.6130176 0.7919340 0.8116699 0.7206210 0.6824535 0.6803160 0.5966810 0.5966810 
A/England/336/2015              0.5644674 0.0000000 0.3190228 0.3338421 0.4682689 0.5273350 0.3225428 0.0000010 0.1944438 0.0376257 0.1594875 0.0555962 0.1528090 0.0217377 0.0222890 0.0217377 0.0070299 0.0142611 0.2157136 0.0070299 0.0070704 0.0070299 0.0143270 0.0476667 0.0652912 0.0553496 0.0371346 0.0372640 0.0648390 0.0648390 
A/England/340/2015              0.5891938 0.3190228 0.0000000 0.0457363 0.0965691 0.3447563 0.1573481 0.3190228 0.1977312 0.3022643 0.3687923 0.3494437 0.3365174 0.3687877 0.3890824 0.3687877 0.3367169 0.3518999 0.2202650 0.3367169 0.3400067 0.3367169 0.3547398 0.4640752 0.4856632 0.4600340 0.3990568 0.4009713 0.3678243 0.3678243 
A/England/341/2015              0.6254233 0.3338421 0.0457363 0.0000000 0.0994346 0.3629057 0.1626645 0.3338421 0.2052199 0.3160391 0.3868676 0.3670011 0.3531762 0.3867734 0.4092271 0.3867734 0.3526487 0.3688816 0.2302671 0.3526487 0.3562756 0.3526487 0.3717950 0.4899980 0.5118335 0.4846995 0.4190937 0.4209436 0.3865669 0.3865669 
A/England/353/2015              0.7002072 0.4682689 0.0965691 0.0994346 0.0000000 0.5200874 0.2516985 0.4682689 0.3079291 0.4468515 0.5342806 0.5159631 0.4555708 0.5329433 0.5664494 0.5329433 0.4908583 0.5121877 0.3598424 0.4908583 0.4965019 0.4908583 0.5136998 0.6694833 0.6890613 0.6573115 0.5741479 0.5303518 0.5391491 0.5391491 
A/England/357/2015              0.9249231 0.5273350 0.3447563 0.3629057 0.5200874 0.0000000 0.2234404 0.5273350 0.3704829 0.4677537 0.5510330 0.5340032 0.5576867 0.5496023 0.6277750 0.5496023 0.5496023 0.5718089 0.4303876 0.5496023 0.5556991 0.5496023 0.5722544 0.7348397 0.7538406 0.6703004 0.5894226 0.6337370 0.5560489 0.5560489 
A/England/358/2015              0.5384355 0.3225428 0.1573481 0.1626645 0.2516985 0.2234404 0.0000000 0.3225428 0.1800613 0.2775613 0.3394853 0.3203624 0.3395179 0.3395872 0.3900368 0.3395872 0.3395872 0.3542158 0.1987797 0.3395872 0.3427752 0.3395872 0.3569380 0.4621330 0.4830351 0.4232952 0.3996051 0.4014445 0.3374772 0.3374772 
A/England/364/2015              0.5644674 0.0000010 0.3190228 0.3338421 0.4682689 0.5273350 0.3225428 0.0000000 0.1944438 0.0376257 0.1594875 0.0555962 0.1528090 0.0217377 0.0222890 0.0217377 0.0070299 0.0142611 0.2157136 0.0070299 0.0070704 0.0070299 0.0143270 0.0476667 0.0652912 0.0553496 0.0371346 0.0372640 0.0648390 0.0648390 
A/England/41780007/2014         0.3580051 0.1944438 0.1977312 0.2052199 0.3079291 0.3704829 0.1800613 0.1944438 0.0000000 0.1572036 0.2083462 0.1877693 0.2031824 0.2349080 0.2459852 0.2349080 0.2085439 0.2208872 0.0867513 0.2085439 0.2103546 0.2085439 0.2230985 0.3024564 0.3266248 0.2752048 0.2599837 0.2618732 0.2018307 0.2018307 
A/England/53640770/2015         0.4997314 0.0376257 0.3022643 0.3160391 0.4468515 0.4677537 0.2775613 0.0376257 0.1572036 0.0000000 0.1246389 0.0301377 0.1172821 0.0634347 0.0653565 0.0634347 0.0460737 0.0545320 0.1724501 0.0460737 0.0463723 0.0460737 0.0548753 0.0969157 0.1175771 0.0843634 0.0813070 0.0817058 0.0384074 0.0384074 
A/England/54480152/2015         0.5432784 0.1594875 0.3687923 0.3868676 0.5342806 0.5510330 0.3394853 0.1594875 0.2083462 0.1246389 0.0000000 0.1520150 0.1661309 0.1706977 0.2065815 0.1706977 0.1726387 0.1844367 0.2321061 0.1726387 0.1740949 0.1726387 0.1862771 0.2587995 0.2836032 0.2344558 0.2218539 0.2235111 0.1650638 0.1650638 
A/England/54780039/2015         0.5729316 0.0555962 0.3494437 0.3670011 0.5159631 0.5340032 0.3203624 0.0555962 0.1877693 0.0301377 0.1520150 0.0000000 0.1449228 0.0839956 0.0868140 0.0839956 0.0649381 0.0741639 0.2088070 0.0649381 0.0653903 0.0649381 0.0747005 0.1226091 0.1453026 0.1078925 0.1034937 0.1040843 0.0069876 0.0069876 
A/England/54820159/2015         0.5148296 0.1528090 0.3365174 0.3531762 0.4555708 0.5576867 0.3395179 0.1528090 0.2031824 0.1172821 0.1661309 0.1449228 0.0000000 0.1921271 0.2010647 0.1921271 0.1662746 0.1784446 0.2272182 0.1662746 0.1677246 0.1662746 0.1802909 0.2552295 0.2812416 0.2300179 0.2171736 0.1918317 0.1582650 0.1582650 
A/Saint-Petersburg/RII599S/2015 0.5418539 0.0217377 0.3687877 0.3867734 0.5329433 0.5496023 0.3395872 0.0217377 0.2349080 0.0634347 0.1706977 0.0839956 0.1921271 0.0000000 0.0470138 0.0000010 0.0295507 0.0374690 0.2634164 0.0295507 0.0297329 0.0295507 0.0376779 0.0757565 0.0950876 0.0835953 0.0625056 0.0627737 0.0943611 0.0943611 
A/Saint-Petersburg/RII639M/2016 0.6749129 0.0222890 0.3890824 0.4092271 0.5664494 0.6277750 0.3900368 0.0222890 0.2459852 0.0653565 0.2065815 0.0868140 0.2010647 0.0470138 0.0000000 0.0470138 0.0303282 0.0384850 0.2781849 0.0303282 0.0305205 0.0303282 0.0387070 0.0782766 0.0984442 0.0863837 0.0643634 0.0646519 0.0976581 0.0976581 
A/Saint-Petersburg/RII720S/2016 0.5418539 0.0217377 0.3687877 0.3867734 0.5329433 0.5496023 0.3395872 0.0217377 0.2349080 0.0634347 0.1706977 0.0839956 0.1921271 0.0000010 0.0470138 0.0000000 0.0295507 0.0374690 0.2634164 0.0295507 0.0297329 0.0295507 0.0376779 0.0757565 0.0950876 0.0835953 0.0625056 0.0627737 0.0943611 0.0943611 
A/Saint-Petersburg/RII829S/2016 0.5885304 0.0070299 0.3367169 0.3526487 0.4908583 0.5496023 0.3395872 0.0070299 0.2085439 0.0460737 0.1726387 0.0649381 0.1662746 0.0295507 0.0303282 0.0295507 0.0000000 0.0218007 0.2323545 0.0143270 0.0144108 0.0143270 0.0219090 0.0568643 0.0559698 0.0646419 0.0454462 0.0456170 0.0745833 0.0745833 
A/Saint-Petersburg/RII854S/2016 0.5674220 0.0142611 0.3518999 0.3688816 0.5121877 0.5718089 0.3542158 0.0142611 0.2208872 0.0545320 0.1844367 0.0741639 0.1784446 0.0374690 0.0384850 0.0374690 0.0218007 0.0000000 0.2468341 0.0218007 0.0219326 0.0218007 0.0296379 0.0660238 0.0847554 0.0738190 0.0537637 0.0539794 0.0841288 0.0841288 
A/South-Africa/3626/2013        0.4191883 0.2157136 0.2202650 0.2302671 0.3598424 0.4303876 0.1987797 0.2157136 0.0867513 0.1724501 0.2321061 0.2088070 0.2272182 0.2634164 0.2781849 0.2634164 0.2323545 0.2468341 0.0000000 0.2323545 0.2346900 0.2323545 0.2496027 0.2803518 0.3059227 0.2535719 0.2929883 0.2952943 0.2254806 0.2254806 
A/Sweden/34/2015                0.5885304 0.0070299 0.3367169 0.3526487 0.4908583 0.5496023 0.3395872 0.0070299 0.2085439 0.0460737 0.1726387 0.0649381 0.1662746 0.0295507 0.0303282 0.0295507 0.0143270 0.0218007 0.2323545 0.0000000 0.0000010 0.0000010 0.0070387 0.0568643 0.0751239 0.0646419 0.0454462 0.0456170 0.0745833 0.0745833 
A/Sweden/35/2015                0.5954775 0.0070704 0.3400067 0.3562756 0.4965019 0.5556991 0.3427752 0.0070704 0.2103546 0.0463723 0.1740949 0.0653903 0.1677246 0.0297329 0.0305205 0.0297329 0.0144108 0.0219326 0.2346900 0.0000010 0.0000000 0.0000010 0.0070794 0.0572596 0.0756661 0.0650897 0.0457362 0.0459096 0.0751170 0.0751170 
A/Sweden/36/2015                0.5885304 0.0070299 0.3367169 0.3526487 0.4908583 0.5496023 0.3395872 0.0070299 0.2085439 0.0460737 0.1726387 0.0649381 0.1662746 0.0295507 0.0303282 0.0295507 0.0143270 0.0218007 0.2323545 0.0000010 0.0000010 0.0000000 0.0070387 0.0568643 0.0751239 0.0646419 0.0454462 0.0456170 0.0745833 0.0745833 
A/Sweden/38/2015                0.6130176 0.0143270 0.3547398 0.3717950 0.5136998 0.5722544 0.3569380 0.0143270 0.2230985 0.0548753 0.1862771 0.0747005 0.1802909 0.0376779 0.0387070 0.0376779 0.0219090 0.0296379 0.2496027 0.0070387 0.0070794 0.0070387 0.0000000 0.0664894 0.0653918 0.0743499 0.0540958 0.0543148 0.0847719 0.0847719 
FLU-2184/Patient-79             0.7919340 0.0476667 0.4640752 0.4899980 0.6694833 0.7348397 0.4621330 0.0476667 0.3024564 0.0969157 0.2587995 0.1226091 0.2552295 0.0757565 0.0782766 0.0757565 0.0568643 0.0660238 0.2803518 0.0568643 0.0572596 0.0568643 0.0664894 0.0000000 0.0651910 0.0741181 0.0752053 0.0957557 0.1353031 0.1353031 
FLU-2147/Patient-47             0.8116699 0.0652912 0.4856632 0.5118335 0.6890613 0.7538406 0.4830351 0.0652912 0.3266248 0.1175771 0.2836032 0.1453026 0.2812416 0.0950876 0.0984442 0.0950876 0.0559698 0.0847554 0.3059227 0.0751239 0.0756661 0.0751239 0.0653918 0.0651910 0.0000000 0.0929171 0.0943611 0.1161268 0.1586815 0.1586815 
FLU-2180/Patient-76             0.7206210 0.0553496 0.4600340 0.4846995 0.6573115 0.6703004 0.4232952 0.0553496 0.2752048 0.0843634 0.2344558 0.1078925 0.2300179 0.0835953 0.0863837 0.0835953 0.0646419 0.0738190 0.2535719 0.0646419 0.0650897 0.0646419 0.0743499 0.0741181 0.0929171 0.0000000 0.0829871 0.1035684 0.1196006 0.1196006 
FLU-2138/Patient-42             0.6824535 0.0371346 0.3990568 0.4190937 0.5741479 0.5894226 0.3996051 0.0371346 0.2599837 0.0813070 0.2218539 0.1034937 0.2171736 0.0625056 0.0643634 0.0625056 0.0454462 0.0537637 0.2929883 0.0454462 0.0457362 0.0454462 0.0540958 0.0752053 0.0943611 0.0829871 0.0000000 0.0804281 0.1145004 0.1145004 
FLU-2200/Patient-65             0.6803160 0.0372640 0.4009713 0.4209436 0.5303518 0.6337370 0.4014445 0.0372640 0.2618732 0.0817058 0.2235111 0.1040843 0.1918317 0.0627737 0.0646519 0.0627737 0.0456170 0.0539794 0.2952943 0.0456170 0.0459096 0.0456170 0.0543148 0.0957557 0.1161268 0.1035684 0.0804281 0.0000000 0.1151918 0.1151918 
FLU-2108/Patient-25             0.5966810 0.0648390 0.3678243 0.3865669 0.5391491 0.5560489 0.3374772 0.0648390 0.2018307 0.0384074 0.1650638 0.0069876 0.1582650 0.0943611 0.0976581 0.0943611 0.0745833 0.0841288 0.2254806 0.0745833 0.0751170 0.0745833 0.0847719 0.1353031 0.1586815 0.1196006 0.1145004 0.1151918 0.0000000 0.0000010 
FLU-2109/Patient-26             0.5966810 0.0648390 0.3678243 0.3865669 0.5391491 0.5560489 0.3374772 0.0648390 0.2018307 0.0384074 0.1650638 0.0069876 0.1582650 0.0943611 0.0976581 0.0943611 0.0745833 0.0841288 0.2254806 0.0745833 0.0751170 0.0745833 0.0847719 0.1353031 0.1586815 0.1196006 0.1145004 0.1151918 0.0000010 0.0000000 
