72
A/California/07/2009-Vaccine               0.0000000 0.3981056 0.4070962 0.4233834 0.4738629 0.6128862 0.3799387 0.3981056 0.2541216 0.3531456 0.3823427 0.3967896 0.3703317 0.3821001 0.4657203 0.3821001 0.4150523 0.3994620 0.2784102 0.4150523 0.4187357 0.4150523 0.4322616 0.5346867 0.5558164 0.4973008 0.4751463 0.4762180 0.4135234 0.4135234 0.4990406 0.4123702 0.5572673 0.4953094 0.4628918 0.4803667 0.4990211 0.4803667 0.5113286 0.4268308 0.3642501 0.3642501 0.3506662 0.3656877 0.4619357 0.4114993 0.3372656 0.4123702 0.3667828 0.4789929 0.4462081 0.4114993 0.4273603 0.3661422 0.5170555 0.4990406 0.4284971 0.4301739 0.4654780 0.4803667 0.4794099 0.4284971 0.4268308 0.4619357 0.4315147 0.4284971 0.4453377 0.4295449 0.3984950 0.4655995 0.4454401 0.4662170 
A/England/336/2015                         0.3981056 0.0000000 0.2356534 0.2425971 0.3267401 0.3804527 0.2416726 0.0000010 0.1480729 0.0304202 0.1222206 0.0443056 0.1159392 0.0177423 0.0180814 0.0177423 0.0057791 0.0116873 0.1576215 0.0057791 0.0058065 0.0057791 0.0117244 0.0379619 0.0516438 0.0441519 0.0301338 0.0301941 0.0513868 0.0513868 0.0308357 0.0057557 0.0451316 0.0306605 0.0239781 0.0242940 0.0246095 0.0242940 0.0371890 0.0116269 0.0367169 0.0367169 0.0302829 0.0368273 0.0179486 0.0511929 0.0239781 0.0057557 0.0368874 0.0303302 0.0177484 0.0582277 0.0179681 0.0368462 0.0375404 0.0308357 0.0116598 0.0116930 0.0180452 0.0242940 0.0242577 0.0116598 0.0116269 0.0179486 0.0117121 0.0116598 0.0118162 0.0116754 0.0116633 0.0739826 0.0177297 0.0180380 
A/England/340/2015                         0.4070962 0.2356534 0.0000000 0.0368075 0.0745918 0.2466453 0.1207355 0.2356534 0.1493155 0.2237217 0.2716661 0.2536247 0.2439153 0.2716706 0.2816924 0.2716706 0.2482633 0.2592888 0.1591199 0.2482633 0.2501227 0.2482633 0.2611969 0.3299303 0.3513768 0.3327897 0.2938500 0.2952335 0.2665913 0.2665913 0.3077016 0.2465471 0.3475312 0.3050428 0.2846454 0.2933846 0.3022990 0.2933846 0.3173502 0.2575993 0.2327901 0.2327901 0.2221895 0.2336437 0.2793852 0.2651348 0.2117524 0.2465471 0.2343981 0.2972592 0.2721112 0.2768166 0.2798482 0.2340310 0.3217837 0.3077016 0.2585500 0.2595063 0.2812925 0.2933846 0.2924280 0.2585500 0.2575993 0.2793852 0.2607788 0.2585500 0.2665913 0.2593885 0.2360462 0.3072269 0.2716752 0.2815914 
A/England/341/2015                         0.4233834 0.2425971 0.0368075 0.0000000 0.0760838 0.2544647 0.1234160 0.2425971 0.1529320 0.2301636 0.2801617 0.2615558 0.2514639 0.2801586 0.2909275 0.2801586 0.2557546 0.2672417 0.1633733 0.2557546 0.2577409 0.2557546 0.2692580 0.3417258 0.3638467 0.3443438 0.3032806 0.3047303 0.2751102 0.2751102 0.3181209 0.2539340 0.3602077 0.3153002 0.2937083 0.3031325 0.3127925 0.3031325 0.3281632 0.2654430 0.2395608 0.2395608 0.2285383 0.2404659 0.2884788 0.2735653 0.2176936 0.2539340 0.2412665 0.3068738 0.2806203 0.2857611 0.2889735 0.2408759 0.3328518 0.3181209 0.2664525 0.2674683 0.2905168 0.3031325 0.3021237 0.2664525 0.2654430 0.2884788 0.2688126 0.2664525 0.2751102 0.2673404 0.2430128 0.3176311 0.2801556 0.2908458 
A/England/353/2015                         0.4738629 0.3267401 0.0745918 0.0760838 0.0000000 0.3470057 0.1804245 0.3267401 0.2171730 0.3116973 0.3719334 0.3525708 0.3116960 0.3717247 0.3880357 0.3717247 0.3426679 0.3564509 0.2364429 0.3426679 0.3456666 0.3426679 0.3589078 0.4513043 0.4736547 0.4506749 0.3990310 0.3706961 0.3688751 0.3688751 0.4199617 0.3122014 0.4729643 0.4164004 0.3582704 0.4022109 0.4173721 0.4022109 0.4315109 0.3538369 0.3225491 0.3225491 0.3093909 0.3238491 0.3847250 0.3668813 0.2964246 0.3122014 0.3249263 0.3732852 0.3431581 0.3813879 0.3854286 0.3243503 0.4371728 0.4199617 0.3552571 0.3566857 0.3876777 0.4022109 0.4010807 0.3552571 0.3538369 0.3847250 0.3582704 0.3552571 0.3688751 0.3563654 0.3272408 0.4196161 0.3425492 0.3882567 
A/England/357/2015                         0.6128862 0.3804527 0.2466453 0.2544647 0.3470057 0.0000000 0.1650748 0.3804527 0.2684975 0.3380256 0.3967308 0.3786617 0.3962076 0.3964447 0.4435819 0.3964447 0.3964447 0.4104392 0.2937318 0.3964447 0.3998004 0.3964447 0.4126911 0.5080283 0.5286865 0.4735180 0.4229624 0.4541674 0.3944509 0.3944509 0.4751223 0.3939144 0.5105694 0.4715810 0.4415650 0.4574848 0.4743702 0.4574848 0.4866680 0.4075545 0.3485401 0.3485401 0.3357102 0.3498643 0.4400879 0.3925259 0.3230469 0.3939144 0.3509097 0.4568149 0.4258684 0.4065749 0.4408411 0.3503207 0.4921669 0.4751223 0.4090882 0.4106303 0.4433161 0.4574848 0.4565057 0.4090882 0.4075545 0.4400879 0.4120029 0.4090882 0.4243942 0.4101199 0.4094356 0.4100961 0.4251606 0.4439812 
A/England/358/2015                         0.3799387 0.2416726 0.1207355 0.1234160 0.1804245 0.1650748 0.0000000 0.2416726 0.1378565 0.2085935 0.2540749 0.2365246 0.2499988 0.2540901 0.2870606 0.2540901 0.2540901 0.2649151 0.1463813 0.2540901 0.2559522 0.2540901 0.2668060 0.3343461 0.3551665 0.3114938 0.2987848 0.3001425 0.2487878 0.2487878 0.3125061 0.2523793 0.3515279 0.3098888 0.2897891 0.2984964 0.3073696 0.2984964 0.3219150 0.2632312 0.2173081 0.2173081 0.2072076 0.2180840 0.2847802 0.2474579 0.1972586 0.2523793 0.2187662 0.3021395 0.2774995 0.2585500 0.2852398 0.2184350 0.3262671 0.3125061 0.2641772 0.2651286 0.2866729 0.2984964 0.2975557 0.2641772 0.2632312 0.2847802 0.2663895 0.2641772 0.2722399 0.2650097 0.2420646 0.2872166 0.2770660 0.2869746 
A/England/364/2015                         0.3981056 0.0000010 0.2356534 0.2425971 0.3267401 0.3804527 0.2416726 0.0000000 0.1480729 0.0304202 0.1222206 0.0443056 0.1159392 0.0177423 0.0180814 0.0177423 0.0057791 0.0116873 0.1576215 0.0057791 0.0058065 0.0057791 0.0117244 0.0379619 0.0516438 0.0441519 0.0301338 0.0301941 0.0513868 0.0513868 0.0308357 0.0057557 0.0451316 0.0306605 0.0239781 0.0242940 0.0246095 0.0242940 0.0371890 0.0116269 0.0367169 0.0367169 0.0302829 0.0368273 0.0179486 0.0511929 0.0239781 0.0057557 0.0368874 0.0303302 0.0177484 0.0582277 0.0179681 0.0368462 0.0375404 0.0308357 0.0116598 0.0116930 0.0180452 0.0242940 0.0242577 0.0116598 0.0116269 0.0179486 0.0117121 0.0116598 0.0118162 0.0116754 0.0116633 0.0739826 0.0177297 0.0180380 
A/England/41780007/2014                    0.2541216 0.1480729 0.1493155 0.1529320 0.2171730 0.2684975 0.1378565 0.1480729 0.0000000 0.1209131 0.1581211 0.1416798 0.1522175 0.1774519 0.1829474 0.1774519 0.1581209 0.1673436 0.0673044 0.1581209 0.1591606 0.1581209 0.1684799 0.2201135 0.2402514 0.2036429 0.1962511 0.1971601 0.1515574 0.1515574 0.2042745 0.1571197 0.2341019 0.2025653 0.1880310 0.1926914 0.1973278 0.1926914 0.2128986 0.1663240 0.1286247 0.1286247 0.1201984 0.1290624 0.1814475 0.1508037 0.1119285 0.1571197 0.1294011 0.1984741 0.1777212 0.1600992 0.1817214 0.1292244 0.2158573 0.2042745 0.1669078 0.1674952 0.1826042 0.1926914 0.1920885 0.1669078 0.1663240 0.1814475 0.1682348 0.1669078 0.1710482 0.1673949 0.1482769 0.1829504 0.1774609 0.1827084 
A/England/53640770/2015                    0.3531456 0.0304202 0.2237217 0.2301636 0.3116973 0.3380256 0.2085935 0.0304202 0.1209131 0.0000000 0.0966495 0.0243478 0.0902712 0.0506242 0.0517222 0.0506242 0.0370591 0.0437251 0.1279810 0.0370591 0.0372502 0.0370591 0.0439041 0.0749968 0.0904578 0.0661197 0.0645135 0.0646884 0.0308702 0.0308702 0.0662831 0.0368874 0.0835432 0.0658554 0.0577808 0.0586818 0.0595733 0.0586818 0.0732550 0.0434879 0.0176913 0.0176913 0.0116754 0.0177423 0.0513260 0.0307631 0.0057791 0.0368874 0.0177673 0.0650204 0.0506564 0.0373155 0.0513868 0.0177484 0.0740461 0.0662831 0.0436200 0.0437530 0.0516145 0.0586818 0.0585689 0.0436200 0.0434879 0.0513260 0.0438537 0.0436200 0.0443056 0.0436949 0.0436451 0.0516438 0.0505974 0.0516036 
A/England/54480152/2015                    0.3823427 0.1222206 0.2716661 0.2801617 0.3719334 0.3967308 0.2540749 0.1222206 0.1581211 0.0966495 0.0000000 0.1156602 0.1254027 0.1306499 0.1543669 0.1306499 0.1316218 0.1404222 0.1686961 0.1316218 0.1324592 0.1316218 0.1413274 0.1888679 0.2085547 0.1739885 0.1679812 0.1687256 0.1248904 0.1248904 0.1745169 0.1308169 0.2018859 0.1730841 0.1599305 0.1636332 0.1673023 0.1636332 0.1829504 0.1395741 0.1040872 0.1040872 0.0961049 0.1044357 0.1530917 0.1242951 0.0882786 0.1308169 0.1046877 0.1698282 0.1501656 0.1331037 0.1533167 0.1045496 0.1854583 0.1745169 0.1400596 0.1405483 0.1540583 0.1636332 0.1631436 0.1400596 0.1395741 0.1530917 0.1411272 0.1400596 0.1432985 0.1404449 0.1402474 0.1543249 0.1499509 0.1541215 
A/England/54780039/2015                    0.3967896 0.0443056 0.2536247 0.2615558 0.3525708 0.3786617 0.2365246 0.0443056 0.1416798 0.0243478 0.1156602 0.0000000 0.1092118 0.0659658 0.0675008 0.0659658 0.0514478 0.0585563 0.1508378 0.0514478 0.0517267 0.0514478 0.0588239 0.0928702 0.1094458 0.0829630 0.0807683 0.0810176 0.0057501 0.0057501 0.0831804 0.0511929 0.1022827 0.0826057 0.0736779 0.0749335 0.0761725 0.0749335 0.0905470 0.0582277 0.0179357 0.0179357 0.0118322 0.0179876 0.0669659 0.0057327 0.0179876 0.0511929 0.0180136 0.0814631 0.0660174 0.0115805 0.0670499 0.0179941 0.0915970 0.0831804 0.0584121 0.0585976 0.0673567 0.0749335 0.0747721 0.0584121 0.0582277 0.0669659 0.0587528 0.0584121 0.0594101 0.0585242 0.0584538 0.0239609 0.0659363 0.0673486 
A/England/54820159/2015                    0.3703317 0.1159392 0.2439153 0.2514639 0.3116960 0.3962076 0.2499988 0.1159392 0.1522175 0.0902712 0.1254027 0.1092118 0.0000000 0.1439077 0.1481963 0.1439077 0.1253862 0.1342841 0.1624977 0.1253862 0.1261953 0.1253862 0.1351570 0.1830756 0.2032346 0.1680924 0.1622069 0.1435929 0.1184783 0.1184783 0.1686142 0.1070729 0.1962887 0.1672001 0.1349624 0.1575935 0.1611647 0.1575935 0.1772360 0.1334563 0.0977744 0.0977744 0.0897605 0.0981065 0.1469391 0.1179082 0.0819141 0.1070729 0.0983419 0.1445236 0.1255472 0.1267933 0.1471590 0.0982109 0.1797231 0.1686142 0.1339300 0.1344069 0.1478879 0.1575935 0.1571155 0.1339300 0.1334563 0.1469391 0.1349624 0.1339300 0.1370470 0.1343008 0.1341089 0.1481445 0.1253697 0.1479447 
A/Saint-Petersburg/RII599S/2015            0.3821001 0.0177423 0.2716706 0.2801586 0.3717247 0.3964447 0.2540901 0.0177423 0.1774519 0.0506242 0.1306499 0.0659658 0.1439077 0.0000000 0.0376264 0.0000010 0.0240040 0.0303415 0.1900375 0.0240040 0.0241230 0.0240040 0.0304536 0.0593933 0.0740760 0.0657235 0.0501033 0.0502240 0.0736779 0.0736779 0.0513868 0.0238987 0.0673251 0.0510724 0.0436200 0.0442542 0.0448824 0.0442542 0.0580886 0.0301804 0.0572747 0.0572747 0.0503781 0.0574528 0.0373442 0.0733760 0.0436200 0.0238987 0.0575605 0.0504684 0.0368874 0.0809440 0.0373866 0.0574926 0.0586818 0.0513868 0.0302691 0.0303590 0.0375493 0.0442542 0.0441771 0.0302691 0.0301804 0.0373442 0.0304202 0.0302691 0.0307145 0.0303163 0.0302829 0.0983097 0.0368462 0.0375384 
A/Saint-Petersburg/RII639M/2016            0.4657203 0.0180814 0.2816924 0.2909275 0.3880357 0.4435819 0.2870606 0.0180814 0.1829474 0.0517222 0.1543669 0.0675008 0.1481963 0.0376264 0.0000000 0.0376264 0.0244750 0.0309502 0.1965719 0.0244750 0.0245992 0.0244750 0.0310676 0.0607638 0.0758612 0.0672463 0.0511765 0.0513035 0.0754415 0.0754415 0.0525233 0.0243654 0.0689344 0.0521926 0.0445404 0.0452044 0.0458635 0.0452044 0.0593933 0.0307825 0.0585370 0.0585370 0.0514646 0.0587232 0.0381238 0.0751232 0.0445404 0.0243654 0.0588366 0.0515594 0.0376464 0.0829160 0.0381681 0.0587654 0.0600168 0.0525233 0.0308752 0.0309685 0.0383377 0.0452044 0.0451235 0.0308752 0.0307825 0.0381238 0.0310327 0.0308752 0.0313397 0.0309244 0.0308897 0.1008730 0.0376034 0.0383266 
A/Saint-Petersburg/RII720S/2016            0.3821001 0.0177423 0.2716706 0.2801586 0.3717247 0.3964447 0.2540901 0.0177423 0.1774519 0.0506242 0.1306499 0.0659658 0.1439077 0.0000010 0.0376264 0.0000000 0.0240040 0.0303415 0.1900375 0.0240040 0.0241230 0.0240040 0.0304536 0.0593933 0.0740760 0.0657235 0.0501033 0.0502240 0.0736779 0.0736779 0.0513868 0.0238987 0.0673251 0.0510724 0.0436200 0.0442542 0.0448824 0.0442542 0.0580886 0.0301804 0.0572747 0.0572747 0.0503781 0.0574528 0.0373442 0.0733760 0.0436200 0.0238987 0.0575605 0.0504684 0.0368874 0.0809440 0.0373866 0.0574926 0.0586818 0.0513868 0.0302691 0.0303590 0.0375493 0.0442542 0.0441771 0.0302691 0.0301804 0.0373442 0.0304202 0.0302691 0.0307145 0.0303163 0.0302829 0.0983097 0.0368462 0.0375384 
A/Saint-Petersburg/RII829S/2016            0.4150523 0.0057791 0.2482633 0.2557546 0.3426679 0.3964447 0.2540901 0.0057791 0.1581209 0.0370591 0.1316218 0.0514478 0.1253862 0.0240040 0.0244750 0.0240040 0.0000000 0.0177843 0.1687014 0.0117244 0.0117808 0.0117244 0.0178439 0.0450089 0.0445212 0.0512654 0.0366983 0.0367771 0.0587528 0.0587528 0.0375833 0.0116754 0.0524429 0.0373638 0.0304202 0.0308357 0.0312487 0.0308357 0.0440671 0.0176913 0.0434879 0.0434879 0.0368874 0.0436200 0.0242940 0.0585242 0.0304202 0.0116754 0.0436949 0.0369478 0.0240137 0.0657541 0.0243204 0.0436451 0.0444957 0.0375833 0.0177423 0.0177935 0.0244256 0.0308357 0.0307868 0.0177423 0.0176913 0.0242940 0.0178249 0.0177423 0.0179876 0.0177673 0.0177484 0.0820815 0.0239877 0.0244167 
A/Saint-Petersburg/RII854S/2016            0.3994620 0.0116873 0.2592888 0.2672417 0.3564509 0.4104392 0.2649151 0.0116873 0.1673436 0.0437251 0.1404222 0.0585563 0.1342841 0.0303415 0.0309502 0.0303415 0.0177843 0.0000000 0.1788369 0.0177843 0.0178712 0.0177843 0.0240604 0.0520591 0.0663965 0.0583454 0.0432882 0.0433864 0.0660487 0.0660487 0.0443625 0.0177082 0.0597237 0.0440976 0.0369154 0.0374349 0.0379504 0.0374349 0.0509454 0.0238506 0.0502551 0.0502551 0.0435179 0.0504093 0.0307202 0.0657853 0.0369154 0.0177082 0.0504997 0.0435924 0.0303554 0.0731674 0.0307544 0.0504412 0.0514524 0.0443625 0.0239200 0.0239899 0.0308873 0.0374349 0.0373727 0.0239200 0.0238506 0.0307202 0.0240352 0.0239200 0.0242609 0.0239554 0.0239296 0.0899667 0.0303220 0.0308772 
A/South-Africa/3626/2013                   0.2784102 0.1576215 0.1591199 0.1633733 0.2364429 0.2937318 0.1463813 0.1576215 0.0673044 0.1279810 0.1686961 0.1508378 0.1624977 0.1900375 0.1965719 0.1900375 0.1687014 0.1788369 0.0000000 0.1687014 0.1699128 0.1687014 0.1801710 0.2014821 0.2217865 0.1856793 0.2108275 0.2119035 0.1617234 0.1617234 0.1862586 0.1675377 0.2151810 0.1846884 0.2018095 0.1749032 0.1790076 0.1749032 0.1949263 0.1776563 0.1363000 0.1363000 0.1271645 0.1367979 0.1639111 0.1608455 0.1182261 0.1675377 0.1371904 0.2134472 0.1903576 0.1710745 0.1641594 0.1369882 0.1976684 0.1862586 0.1783315 0.1790113 0.1649674 0.1749032 0.1743603 0.1783315 0.1776563 0.1639111 0.1798849 0.1783315 0.1832579 0.1789047 0.1578629 0.1966004 0.1900527 0.1650467 
A/Sweden/34/2015                           0.4150523 0.0057791 0.2482633 0.2557546 0.3426679 0.3964447 0.2540901 0.0057791 0.1581209 0.0370591 0.1316218 0.0514478 0.1253862 0.0240040 0.0244750 0.0240040 0.0117244 0.0177843 0.1687014 0.0000000 0.0000010 0.0000010 0.0057850 0.0450089 0.0590562 0.0512654 0.0366983 0.0367771 0.0587528 0.0587528 0.0375833 0.0116754 0.0524429 0.0373638 0.0304202 0.0308357 0.0312487 0.0308357 0.0440671 0.0176913 0.0434879 0.0434879 0.0368874 0.0436200 0.0242940 0.0585242 0.0304202 0.0116754 0.0436949 0.0369478 0.0240137 0.0657541 0.0243204 0.0436451 0.0444957 0.0375833 0.0177423 0.0177935 0.0244256 0.0308357 0.0307868 0.0177423 0.0176913 0.0242940 0.0178249 0.0177423 0.0179876 0.0177673 0.0177484 0.0820815 0.0239877 0.0244167 
A/Sweden/35/2015                           0.4187357 0.0058065 0.2501227 0.2577409 0.3456666 0.3998004 0.2559522 0.0058065 0.1591606 0.0372502 0.1324592 0.0517267 0.1261953 0.0241230 0.0245992 0.0241230 0.0117808 0.0178712 0.1699128 0.0000010 0.0000000 0.0000010 0.0058124 0.0452522 0.0593849 0.0515423 0.0368858 0.0369652 0.0590786 0.0590786 0.0377802 0.0117314 0.0527339 0.0375583 0.0305741 0.0309940 0.0314115 0.0309940 0.0442999 0.0177774 0.0437141 0.0437141 0.0370766 0.0438477 0.0244167 0.0588462 0.0305741 0.0117314 0.0439235 0.0371377 0.0241329 0.0661217 0.0244436 0.0438731 0.0447333 0.0377802 0.0178288 0.0178805 0.0245492 0.0309940 0.0309446 0.0178288 0.0177774 0.0244167 0.0179123 0.0178288 0.0180771 0.0178541 0.0178350 0.0825636 0.0241065 0.0245403 
A/Sweden/36/2015                           0.4150523 0.0057791 0.2482633 0.2557546 0.3426679 0.3964447 0.2540901 0.0057791 0.1581209 0.0370591 0.1316218 0.0514478 0.1253862 0.0240040 0.0244750 0.0240040 0.0117244 0.0177843 0.1687014 0.0000010 0.0000010 0.0000000 0.0057850 0.0450089 0.0590562 0.0512654 0.0366983 0.0367771 0.0587528 0.0587528 0.0375833 0.0116754 0.0524429 0.0373638 0.0304202 0.0308357 0.0312487 0.0308357 0.0440671 0.0176913 0.0434879 0.0434879 0.0368874 0.0436200 0.0242940 0.0585242 0.0304202 0.0116754 0.0436949 0.0369478 0.0240137 0.0657541 0.0243204 0.0436451 0.0444957 0.0375833 0.0177423 0.0177935 0.0244256 0.0308357 0.0307868 0.0177423 0.0176913 0.0242940 0.0178249 0.0177423 0.0179876 0.0177673 0.0177484 0.0820815 0.0239877 0.0244167 
A/Sweden/38/2015                           0.4322616 0.0117244 0.2611969 0.2692580 0.3589078 0.4126911 0.2668060 0.0117244 0.1684799 0.0439041 0.1413274 0.0588239 0.1351570 0.0304536 0.0310676 0.0304536 0.0178439 0.0240604 0.1801710 0.0057850 0.0058124 0.0057850 0.0000000 0.0522917 0.0517054 0.0586109 0.0434631 0.0435623 0.0663652 0.0663652 0.0445477 0.0177673 0.0600047 0.0442803 0.0370591 0.0375833 0.0381035 0.0375833 0.0511657 0.0239340 0.0504684 0.0504684 0.0436949 0.0506242 0.0308357 0.0660988 0.0370591 0.0177673 0.0507155 0.0437702 0.0304675 0.0735300 0.0308702 0.0506564 0.0516779 0.0445477 0.0240040 0.0240738 0.0310042 0.0375833 0.0375205 0.0240040 0.0239340 0.0308357 0.0241198 0.0240040 0.0243478 0.0240397 0.0240137 0.0904578 0.0304341 0.0309940 
FLU-2184/Patient-79                        0.5346867 0.0379619 0.3299303 0.3417258 0.4513043 0.5080283 0.3343461 0.0379619 0.2201135 0.0749968 0.1888679 0.0928702 0.1830756 0.0593933 0.0607638 0.0593933 0.0450089 0.0520591 0.2014821 0.0450089 0.0452522 0.0450089 0.0522917 0.0000000 0.0515824 0.0584698 0.0590869 0.0743411 0.1017294 0.1017294 0.0308013 0.0447882 0.0450781 0.0058125 0.0670259 0.0242676 0.0245822 0.0242676 0.0371470 0.0378448 0.0823167 0.0823167 0.0745874 0.0825930 0.0179303 0.1012559 0.0670259 0.0447882 0.0827785 0.0747477 0.0594370 0.1098344 0.0308013 0.0826709 0.0374976 0.0308013 0.0519298 0.0520950 0.0180257 0.0242676 0.0242314 0.0379619 0.0378448 0.0179303 0.0522276 0.0379619 0.0385599 0.0380263 0.0519643 0.1301733 0.0593641 0.0180185 
FLU-2147/Patient-47                        0.5558164 0.0516438 0.3513768 0.3638467 0.4736547 0.5286865 0.3551665 0.0516438 0.2402514 0.0904578 0.2085547 0.1094458 0.2032346 0.0740760 0.0758612 0.0740760 0.0445212 0.0663965 0.2217865 0.0590562 0.0593849 0.0590562 0.0517054 0.0515824 0.0000000 0.0728798 0.0736779 0.0896435 0.1187346 0.1187346 0.0177792 0.0587528 0.0308948 0.0437091 0.0820815 0.0371094 0.0376154 0.0371094 0.0504897 0.0514815 0.0979763 0.0979763 0.0899449 0.0983097 0.0304577 0.1181620 0.0820815 0.0587528 0.0985461 0.0901528 0.0741397 0.1270672 0.0439691 0.0984146 0.0240311 0.0177792 0.0662309 0.0664457 0.0306222 0.0371094 0.0370484 0.0516438 0.0514815 0.0304577 0.0666340 0.0516438 0.0525066 0.0517395 0.0662831 0.1484721 0.0740461 0.0306123 
FLU-2180/Patient-76                        0.4973008 0.0441519 0.3327897 0.3443438 0.4506749 0.4735180 0.3114938 0.0441519 0.2036429 0.0661197 0.1739885 0.0829630 0.1680924 0.0657235 0.0672463 0.0657235 0.0512654 0.0583454 0.1856793 0.0512654 0.0515423 0.0512654 0.0586109 0.0584698 0.0728798 0.0000000 0.0653823 0.0807103 0.0913525 0.0913525 0.0506189 0.0510124 0.0662452 0.0503144 0.0734017 0.0436094 0.0442178 0.0436094 0.0434278 0.0440163 0.0731637 0.0731637 0.0657747 0.0734017 0.0368133 0.0909477 0.0585403 0.0510124 0.0735559 0.0811522 0.0657747 0.0991101 0.0368545 0.0734639 0.0577831 0.0506189 0.0582023 0.0583864 0.0370125 0.0436094 0.0435347 0.0441519 0.0440163 0.0368133 0.0585403 0.0441519 0.0448566 0.0442290 0.0582436 0.1182287 0.0656941 0.0370018 
FLU-2138/Patient-42                        0.4751463 0.0301338 0.2938500 0.3032806 0.3990310 0.4229624 0.2987848 0.0301338 0.1962511 0.0645135 0.1679812 0.0807683 0.1622069 0.0501033 0.0511765 0.0501033 0.0366983 0.0432882 0.2108275 0.0366983 0.0368858 0.0366983 0.0434631 0.0590869 0.0736779 0.0653823 0.0000000 0.0639876 0.0888516 0.0888516 0.0511326 0.0365304 0.0669659 0.0508215 0.0571682 0.0440414 0.0446630 0.0440414 0.0577968 0.0300456 0.0713473 0.0713473 0.0641873 0.0715725 0.0371696 0.0884721 0.0571682 0.0365304 0.0717173 0.0643118 0.0501347 0.0963357 0.0372116 0.0716304 0.0583835 0.0511326 0.0301338 0.0302218 0.0373727 0.0440414 0.0439651 0.0301338 0.0300456 0.0371696 0.0434138 0.0301338 0.0305746 0.0301804 0.0432096 0.1146500 0.0500770 0.0373619 
FLU-2200/Patient-65                        0.4762180 0.0301941 0.2952335 0.3047303 0.3706961 0.4541674 0.3001425 0.0301941 0.1971601 0.0646884 0.1687256 0.0810176 0.1435929 0.0502240 0.0513035 0.0502240 0.0367771 0.0433864 0.2119035 0.0367771 0.0369652 0.0367771 0.0435623 0.0743411 0.0896435 0.0807103 0.0639876 0.0000000 0.0891405 0.0891405 0.0657248 0.0238388 0.0827915 0.0653039 0.0176161 0.0581993 0.0590743 0.0581993 0.0726319 0.0431529 0.0715489 0.0715489 0.0643600 0.0717756 0.0509137 0.0887580 0.0573143 0.0238388 0.0719215 0.0237604 0.0115941 0.0966608 0.0509735 0.0718340 0.0734085 0.0657248 0.0432829 0.0434138 0.0511975 0.0581993 0.0580886 0.0432829 0.0431529 0.0509137 0.0301941 0.0432829 0.0439570 0.0433565 0.0300591 0.1150805 0.0238133 0.0511867 
FLU-2108/Patient-25                        0.4135234 0.0513868 0.2665913 0.2751102 0.3688751 0.3944509 0.2487878 0.0513868 0.1515574 0.0308702 0.1248904 0.0057501 0.1184783 0.0736779 0.0754415 0.0736779 0.0587528 0.0660487 0.1617234 0.0587528 0.0590786 0.0587528 0.0663652 0.1017294 0.1187346 0.0913525 0.0888516 0.0891405 0.0000000 0.0000010 0.0915970 0.0584538 0.1115190 0.0909477 0.0816287 0.0830715 0.0844946 0.0830715 0.0991101 0.0656737 0.0242490 0.0242490 0.0179941 0.0243204 0.0748376 0.0116166 0.0243204 0.0584538 0.0243578 0.0896435 0.0737407 0.0176020 0.0749335 0.0243302 0.1002900 0.0915970 0.0658848 0.0660973 0.0752798 0.0830715 0.0828843 0.0658848 0.0656737 0.0748376 0.0662831 0.0658848 0.0670499 0.0660174 0.0659363 0.0177093 0.0736482 0.0752743 
FLU-2109/Patient-26                        0.4135234 0.0513868 0.2665913 0.2751102 0.3688751 0.3944509 0.2487878 0.0513868 0.1515574 0.0308702 0.1248904 0.0057501 0.1184783 0.0736779 0.0754415 0.0736779 0.0587528 0.0660487 0.1617234 0.0587528 0.0590786 0.0587528 0.0663652 0.1017294 0.1187346 0.0913525 0.0888516 0.0891405 0.0000010 0.0000000 0.0915970 0.0584538 0.1115190 0.0909477 0.0816287 0.0830715 0.0844946 0.0830715 0.0991101 0.0656737 0.0242490 0.0242490 0.0179941 0.0243204 0.0748376 0.0116166 0.0243204 0.0584538 0.0243578 0.0896435 0.0737407 0.0176020 0.0749335 0.0243302 0.1002900 0.0915970 0.0658848 0.0660973 0.0752798 0.0830715 0.0828843 0.0658848 0.0656737 0.0748376 0.0662831 0.0658848 0.0670499 0.0660174 0.0659363 0.0177093 0.0736482 0.0752743 
CY208205-A/Georgia/4972/2016               0.4990406 0.0308357 0.3077016 0.3181209 0.4199617 0.4751223 0.3125061 0.0308357 0.2042745 0.0662831 0.1745169 0.0831804 0.1686142 0.0513868 0.0525233 0.0513868 0.0375833 0.0443625 0.1862586 0.0375833 0.0377802 0.0375833 0.0445477 0.0308013 0.0177792 0.0506189 0.0511326 0.0657248 0.0915970 0.0915970 0.0000000 0.0374063 0.0118272 0.0239093 0.0586818 0.0177665 0.0179869 0.0177665 0.0301980 0.0307431 0.0733464 0.0733464 0.0659363 0.0735856 0.0116740 0.0911899 0.0586818 0.0374063 0.0737407 0.0660693 0.0514204 0.0993782 0.0240408 0.0736482 0.0057604 0.0000010 0.0442542 0.0443913 0.0117349 0.0177665 0.0177415 0.0308357 0.0307431 0.0116740 0.0444957 0.0308357 0.0312993 0.0308848 0.0442803 0.1185655 0.0513595 0.0117299 
CY208234-A/Arizona/5001/2016               0.4123702 0.0057557 0.2465471 0.2539340 0.3122014 0.3939144 0.2523793 0.0057557 0.1571197 0.0368874 0.1308169 0.0511929 0.1070729 0.0238987 0.0243654 0.0238987 0.0116754 0.0177082 0.1675377 0.0116754 0.0117314 0.0116754 0.0177673 0.0447882 0.0587528 0.0510124 0.0365304 0.0238388 0.0584538 0.0584538 0.0374063 0.0000000 0.0521759 0.0371890 0.0177484 0.0306946 0.0311036 0.0306946 0.0438561 0.0176161 0.0432829 0.0432829 0.0367169 0.0434138 0.0241864 0.0582277 0.0302829 0.0000010 0.0434879 0.0239436 0.0116789 0.0654125 0.0242128 0.0434385 0.0442803 0.0374063 0.0176666 0.0177174 0.0243157 0.0306946 0.0306462 0.0176666 0.0176161 0.0241864 0.0177484 0.0176666 0.0179102 0.0176913 0.0176727 0.0816287 0.0116667 0.0243070 
CY208248-A/Maryland/5015/2016              0.5572673 0.0451316 0.3475312 0.3602077 0.4729643 0.5105694 0.3515279 0.0451316 0.2341019 0.0835432 0.2018859 0.1022827 0.1962887 0.0673251 0.0689344 0.0673251 0.0524429 0.0597237 0.2151810 0.0524429 0.0527339 0.0524429 0.0600047 0.0450781 0.0308948 0.0662452 0.0669659 0.0827915 0.1115190 0.1115190 0.0118272 0.0521759 0.0000000 0.0374152 0.0752504 0.0308747 0.0312890 0.0308747 0.0441327 0.0449896 0.0910687 0.0910687 0.0830715 0.0913808 0.0243216 0.1109810 0.0752504 0.0521759 0.0915970 0.0832598 0.0673798 0.1198806 0.0376354 0.0914746 0.0058279 0.0118272 0.0595733 0.0597670 0.0244538 0.0308747 0.0308257 0.0451316 0.0449896 0.0243216 0.0599303 0.0451316 0.0458727 0.0452126 0.0596174 0.1307771 0.0672950 0.0244449 
CY208379-A/Ohio/5146/2016                  0.4953094 0.0306605 0.3050428 0.3153002 0.4164004 0.4715810 0.3098888 0.0306605 0.2025653 0.0658554 0.1730841 0.0826057 0.1672001 0.0510724 0.0521926 0.0510724 0.0373638 0.0440976 0.1846884 0.0373638 0.0375583 0.0373638 0.0442803 0.0058125 0.0437091 0.0503144 0.0508215 0.0653039 0.0909477 0.0909477 0.0239093 0.0371890 0.0374152 0.0000000 0.0583135 0.0176719 0.0178903 0.0176719 0.0300303 0.0305690 0.0728663 0.0728663 0.0655125 0.0731023 0.0116134 0.0905470 0.0583135 0.0371890 0.0732550 0.0656444 0.0511055 0.0986638 0.0239093 0.0731637 0.0303009 0.0239093 0.0439907 0.0441261 0.0116737 0.0176719 0.0176472 0.0306605 0.0305690 0.0116134 0.0442290 0.0306605 0.0311184 0.0307089 0.0440163 0.1176613 0.0510453 0.0116688 
CY208429-A/Florida/5196/2016               0.4628918 0.0239781 0.2846454 0.2937083 0.3582704 0.4415650 0.2897891 0.0239781 0.1880310 0.0577808 0.1599305 0.0736779 0.1349624 0.0436200 0.0445404 0.0436200 0.0304202 0.0369154 0.2018095 0.0304202 0.0305741 0.0304202 0.0370591 0.0670259 0.0820815 0.0734017 0.0571682 0.0176161 0.0816287 0.0816287 0.0586818 0.0177484 0.0752504 0.0583135 0.0000000 0.0513260 0.0520783 0.0513260 0.0655125 0.0367169 0.0645621 0.0645621 0.0574926 0.0647655 0.0442030 0.0812847 0.0505653 0.0177484 0.0648926 0.0176913 0.0057557 0.0890532 0.0442542 0.0648146 0.0662013 0.0586818 0.0368273 0.0369378 0.0444484 0.0513260 0.0512321 0.0368273 0.0367169 0.0442030 0.0239781 0.0368273 0.0373866 0.0368874 0.0238730 0.1070293 0.0177297 0.0444373 
CY209879-A/Washington/5394/2016            0.4803667 0.0242940 0.2933846 0.3031325 0.4022109 0.4574848 0.2984964 0.0242940 0.1926914 0.0586818 0.1636332 0.0749335 0.1575935 0.0442542 0.0452044 0.0442542 0.0308357 0.0374349 0.1749032 0.0308357 0.0309940 0.0308357 0.0375833 0.0242676 0.0371094 0.0436094 0.0440414 0.0581993 0.0830715 0.0830715 0.0177665 0.0306946 0.0308747 0.0176719 0.0513260 0.0000000 0.0118147 0.0116740 0.0238048 0.0242226 0.0655934 0.0655934 0.0583835 0.0658040 0.0057545 0.0827132 0.0513260 0.0306946 0.0659363 0.0584956 0.0442803 0.0906668 0.0177665 0.0658554 0.0240148 0.0177665 0.0373442 0.0374580 0.0057842 0.0116740 0.0116584 0.0242940 0.0242226 0.0057545 0.0375404 0.0242940 0.0246472 0.0243302 0.0373638 0.1091408 0.0442290 0.0057816 
CY210044-A/New-York/5473/2016              0.4990211 0.0246095 0.3022990 0.3127925 0.4173721 0.4743702 0.3073696 0.0246095 0.1973278 0.0595733 0.1673023 0.0761725 0.1611647 0.0448824 0.0458635 0.0448824 0.0312487 0.0379504 0.1790076 0.0312487 0.0314115 0.0312487 0.0381035 0.0245822 0.0376154 0.0442178 0.0446630 0.0590743 0.0844946 0.0844946 0.0179869 0.0311036 0.0312890 0.0178903 0.0520783 0.0118147 0.0000000 0.0118147 0.0241063 0.0245359 0.0666109 0.0666109 0.0592647 0.0668286 0.0058219 0.0841220 0.0520783 0.0311036 0.0669659 0.0593809 0.0449094 0.0922573 0.0179869 0.0668822 0.0243216 0.0179869 0.0378571 0.0379742 0.0058523 0.0118147 0.0117988 0.0246095 0.0245359 0.0058219 0.0380593 0.0246095 0.0249722 0.0246472 0.0378775 0.1112235 0.0448566 0.0058496 
CY210050-A/Oklahoma/5479/2016              0.4803667 0.0242940 0.2933846 0.3031325 0.4022109 0.4574848 0.2984964 0.0242940 0.1926914 0.0586818 0.1636332 0.0749335 0.1575935 0.0442542 0.0452044 0.0442542 0.0308357 0.0374349 0.1749032 0.0308357 0.0309940 0.0308357 0.0375833 0.0242676 0.0371094 0.0436094 0.0440414 0.0581993 0.0830715 0.0830715 0.0177665 0.0306946 0.0308747 0.0176719 0.0513260 0.0116740 0.0118147 0.0000000 0.0238048 0.0242226 0.0655934 0.0655934 0.0583835 0.0658040 0.0057545 0.0827132 0.0513260 0.0306946 0.0659363 0.0584956 0.0442803 0.0906668 0.0177665 0.0658554 0.0240148 0.0177665 0.0373442 0.0374580 0.0057842 0.0116740 0.0116584 0.0242940 0.0242226 0.0057545 0.0375404 0.0242940 0.0246472 0.0243302 0.0373638 0.1091408 0.0442290 0.0057816 
CY223541-A/Wyoming/09/2017                 0.5113286 0.0371890 0.3173502 0.3281632 0.4315109 0.4866680 0.3219150 0.0371890 0.2128986 0.0732550 0.1829504 0.0905470 0.1772360 0.0580886 0.0593933 0.0580886 0.0440671 0.0509454 0.1949263 0.0440671 0.0442999 0.0440671 0.0511657 0.0371470 0.0504897 0.0434278 0.0577968 0.0726319 0.0991101 0.0991101 0.0301980 0.0438561 0.0441327 0.0300303 0.0655125 0.0238048 0.0241063 0.0238048 0.0000000 0.0370768 0.0803747 0.0803747 0.0728663 0.0806374 0.0175968 0.0986638 0.0655125 0.0438561 0.0808125 0.0730179 0.0581297 0.1069577 0.0301980 0.0807103 0.0367436 0.0301980 0.0508215 0.0509795 0.0176888 0.0238048 0.0237699 0.0371890 0.0370768 0.0175968 0.0511055 0.0371890 0.0377609 0.0372505 0.0508541 0.1265211 0.0580602 0.0176819 
CY259423-A/New-York/A-WC-LVD-16-011/2016   0.4268308 0.0116269 0.2575993 0.2654430 0.3538369 0.4075545 0.2632312 0.0116269 0.1663240 0.0434879 0.1395741 0.0582277 0.1334563 0.0301804 0.0307825 0.0301804 0.0176913 0.0238506 0.1776563 0.0176913 0.0177774 0.0176913 0.0239340 0.0378448 0.0514815 0.0440163 0.0300456 0.0431529 0.0656737 0.0656737 0.0307431 0.0176161 0.0449896 0.0305690 0.0367169 0.0242226 0.0245359 0.0242226 0.0370768 0.0000000 0.0499821 0.0499821 0.0432829 0.0501347 0.0178973 0.0654125 0.0367169 0.0176161 0.0502240 0.0433565 0.0301941 0.0727510 0.0179165 0.0501661 0.0374260 0.0307431 0.0237944 0.0238635 0.0179921 0.0242226 0.0241864 0.0116269 0.0115941 0.0178973 0.0239083 0.0116269 0.0117823 0.0116424 0.0238038 0.0894385 0.0301611 0.0179850 
KU589370-A/Alabama/13/2015                 0.3642501 0.0367169 0.2327901 0.2395608 0.3225491 0.3485401 0.2173081 0.0367169 0.1286247 0.0176913 0.1040872 0.0179357 0.0977744 0.0572747 0.0585370 0.0572747 0.0434879 0.0502551 0.1363000 0.0434879 0.0437141 0.0434879 0.0504684 0.0823167 0.0979763 0.0731637 0.0713473 0.0715489 0.0242490 0.0242490 0.0733464 0.0432829 0.0910687 0.0728663 0.0645621 0.0655934 0.0666109 0.0655934 0.0803747 0.0499821 0.0000000 0.0000010 0.0057396 0.0116269 0.0580886 0.0241678 0.0116269 0.0432829 0.0116424 0.0719215 0.0573143 0.0305305 0.0581581 0.0116303 0.0812555 0.0733464 0.0501347 0.0502882 0.0584155 0.0655934 0.0654619 0.0501347 0.0499821 0.0580886 0.0504100 0.0501347 0.0509407 0.0502240 0.0501661 0.0443317 0.0572469 0.0584056 
KU758923-A/Gainesville/02/2016             0.3642501 0.0367169 0.2327901 0.2395608 0.3225491 0.3485401 0.2173081 0.0367169 0.1286247 0.0176913 0.1040872 0.0179357 0.0977744 0.0572747 0.0585370 0.0572747 0.0434879 0.0502551 0.1363000 0.0434879 0.0437141 0.0434879 0.0504684 0.0823167 0.0979763 0.0731637 0.0713473 0.0715489 0.0242490 0.0242490 0.0733464 0.0432829 0.0910687 0.0728663 0.0645621 0.0655934 0.0666109 0.0655934 0.0803747 0.0499821 0.0000010 0.0000000 0.0057396 0.0116269 0.0580886 0.0241678 0.0116269 0.0432829 0.0116424 0.0719215 0.0573143 0.0305305 0.0581581 0.0116303 0.0812555 0.0733464 0.0501347 0.0502882 0.0584155 0.0655934 0.0654619 0.0501347 0.0499821 0.0580886 0.0504100 0.0501347 0.0509407 0.0502240 0.0501661 0.0443317 0.0572469 0.0584056 
KU762414-A/Gainesville/03/2016             0.3506662 0.0302829 0.2221895 0.2285383 0.3093909 0.3357102 0.2072076 0.0302829 0.1201984 0.0116754 0.0961049 0.0118322 0.0897605 0.0503781 0.0514646 0.0503781 0.0368874 0.0435179 0.1271645 0.0368874 0.0370766 0.0368874 0.0436949 0.0745874 0.0899449 0.0657747 0.0641873 0.0643600 0.0179941 0.0179941 0.0659363 0.0367169 0.0830715 0.0655125 0.0574926 0.0583835 0.0592647 0.0583835 0.0728663 0.0432829 0.0057396 0.0057396 0.0000000 0.0057557 0.0510724 0.0179357 0.0057557 0.0367169 0.0057629 0.0646884 0.0504100 0.0241678 0.0511326 0.0057571 0.0736482 0.0659363 0.0434138 0.0435454 0.0513580 0.0583835 0.0582720 0.0434138 0.0432829 0.0510724 0.0436451 0.0434138 0.0440922 0.0434879 0.0434385 0.0375833 0.0503516 0.0513471 
KU821082-A/British-Columbia/12/2016        0.3656877 0.0368273 0.2336437 0.2404659 0.3238491 0.3498643 0.2180840 0.0368273 0.1290624 0.0177423 0.1044357 0.0179876 0.0981065 0.0574528 0.0587232 0.0574528 0.0436200 0.0504093 0.1367979 0.0436200 0.0438477 0.0436200 0.0506242 0.0825930 0.0983097 0.0734017 0.0715725 0.0717756 0.0243204 0.0243204 0.0735856 0.0434138 0.0913808 0.0731023 0.0647655 0.0658040 0.0668286 0.0658040 0.0806374 0.0501347 0.0116269 0.0116269 0.0057557 0.0000000 0.0582720 0.0242392 0.0116598 0.0434138 0.0116754 0.0721506 0.0574926 0.0306227 0.0583420 0.0116633 0.0815243 0.0735856 0.0502882 0.0504427 0.0586010 0.0658040 0.0656724 0.0502882 0.0501347 0.0582720 0.0505653 0.0502882 0.0510995 0.0503781 0.0503199 0.0444693 0.0574248 0.0585911 
KX004065-A/Delaware/45/2015                0.4619357 0.0179486 0.2793852 0.2884788 0.3847250 0.4400879 0.2847802 0.0179486 0.1814475 0.0513260 0.1530917 0.0669659 0.1469391 0.0373442 0.0381238 0.0373442 0.0242940 0.0307202 0.1639111 0.0242940 0.0244167 0.0242940 0.0308357 0.0179303 0.0304577 0.0368133 0.0371696 0.0509137 0.0748376 0.0748376 0.0116740 0.0241864 0.0243216 0.0116134 0.0442030 0.0057545 0.0058219 0.0057545 0.0175968 0.0178973 0.0580886 0.0580886 0.0510724 0.0582720 0.0000000 0.0745245 0.0442030 0.0241864 0.0583835 0.0511657 0.0373638 0.0822519 0.0116740 0.0583135 0.0177477 0.0116740 0.0306462 0.0307382 0.0000010 0.0057545 0.0057472 0.0179486 0.0178973 0.0000010 0.0308013 0.0179486 0.0182005 0.0179746 0.0306605 0.1000428 0.0373214 0.0000010 
KX004485-A/Tennessee/22/2015               0.4114993 0.0511929 0.2651348 0.2735653 0.3668813 0.3925259 0.2474579 0.0511929 0.1508037 0.0307631 0.1242951 0.0057327 0.1179082 0.0733760 0.0751232 0.0733760 0.0585242 0.0657853 0.1608455 0.0585242 0.0588462 0.0585242 0.0660988 0.1012559 0.1181620 0.0909477 0.0884721 0.0887580 0.0116166 0.0116166 0.0911899 0.0582277 0.1109810 0.0905470 0.0812847 0.0827132 0.0841220 0.0827132 0.0986638 0.0654125 0.0241678 0.0241678 0.0179357 0.0242392 0.0745245 0.0000000 0.0242392 0.0582277 0.0242754 0.0892561 0.0734381 0.0057168 0.0746195 0.0242490 0.0998318 0.0911899 0.0656227 0.0658334 0.0749628 0.0827132 0.0825279 0.0656227 0.0654125 0.0745245 0.0660174 0.0656227 0.0667771 0.0657541 0.0656737 0.0302638 0.0733464 0.0749572 
KX004554-A/Colorado/30/2015                0.3372656 0.0239781 0.2117524 0.2176936 0.2964246 0.3230469 0.1972586 0.0239781 0.1119285 0.0057791 0.0882786 0.0179876 0.0819141 0.0436200 0.0445404 0.0436200 0.0304202 0.0369154 0.1182261 0.0304202 0.0305741 0.0304202 0.0370591 0.0670259 0.0820815 0.0585403 0.0571682 0.0573143 0.0243204 0.0243204 0.0586818 0.0302829 0.0752504 0.0583135 0.0505653 0.0513260 0.0520783 0.0513260 0.0655125 0.0367169 0.0116269 0.0116269 0.0057557 0.0116598 0.0442030 0.0242392 0.0000000 0.0302829 0.0116754 0.0576006 0.0436451 0.0306227 0.0442542 0.0116633 0.0662013 0.0586818 0.0368273 0.0369378 0.0444484 0.0513260 0.0512321 0.0368273 0.0367169 0.0442030 0.0370175 0.0368273 0.0373866 0.0368874 0.0368462 0.0444693 0.0435953 0.0444373 
KX004731-A/Arizona/36/2015                 0.4123702 0.0057557 0.2465471 0.2539340 0.3122014 0.3939144 0.2523793 0.0057557 0.1571197 0.0368874 0.1308169 0.0511929 0.1070729 0.0238987 0.0243654 0.0238987 0.0116754 0.0177082 0.1675377 0.0116754 0.0117314 0.0116754 0.0177673 0.0447882 0.0587528 0.0510124 0.0365304 0.0238388 0.0584538 0.0584538 0.0374063 0.0000010 0.0521759 0.0371890 0.0177484 0.0306946 0.0311036 0.0306946 0.0438561 0.0176161 0.0432829 0.0432829 0.0367169 0.0434138 0.0241864 0.0582277 0.0302829 0.0000000 0.0434879 0.0239436 0.0116789 0.0654125 0.0242128 0.0434385 0.0442803 0.0374063 0.0176666 0.0177174 0.0243157 0.0306946 0.0306462 0.0176666 0.0176161 0.0241864 0.0177484 0.0176666 0.0179102 0.0176913 0.0176727 0.0816287 0.0116667 0.0243070 
KX406171-A/California/09/2016              0.3667828 0.0368874 0.2343981 0.2412665 0.3249263 0.3509097 0.2187662 0.0368874 0.1294011 0.0177673 0.1046877 0.0180136 0.0983419 0.0575605 0.0588366 0.0575605 0.0436949 0.0504997 0.1371904 0.0436949 0.0439235 0.0436949 0.0507155 0.0827785 0.0985461 0.0735559 0.0717173 0.0719215 0.0243578 0.0243578 0.0737407 0.0434879 0.0915970 0.0732550 0.0648926 0.0659363 0.0669659 0.0659363 0.0808125 0.0502240 0.0116424 0.0116424 0.0057629 0.0116754 0.0583835 0.0242754 0.0116754 0.0434879 0.0000000 0.0722993 0.0576006 0.0306710 0.0584538 0.0116789 0.0817040 0.0737407 0.0503781 0.0505332 0.0587139 0.0659363 0.0658040 0.0503781 0.0502240 0.0583835 0.0506564 0.0503781 0.0511929 0.0504684 0.0504100 0.0445477 0.0575325 0.0587040 
KX407075-A/Wisconsin/28/2016               0.4789929 0.0303302 0.2972592 0.3068738 0.3732852 0.4568149 0.3021395 0.0303302 0.1984741 0.0650204 0.1698282 0.0814631 0.1445236 0.0504684 0.0515594 0.0504684 0.0369478 0.0435924 0.2134472 0.0369478 0.0371377 0.0369478 0.0437702 0.0747477 0.0901528 0.0811522 0.0643118 0.0237604 0.0896435 0.0896435 0.0660693 0.0239436 0.0832598 0.0656444 0.0176913 0.0584956 0.0593809 0.0584956 0.0730179 0.0433565 0.0719215 0.0719215 0.0646884 0.0721506 0.0511657 0.0892561 0.0576006 0.0239436 0.0722993 0.0000000 0.0116424 0.0972141 0.0512261 0.0722098 0.0738037 0.0660693 0.0434879 0.0436200 0.0514524 0.0584956 0.0583835 0.0434879 0.0433565 0.0511657 0.0303302 0.0434879 0.0441691 0.0435623 0.0301941 0.1157790 0.0239178 0.0514415 
KX407843-A/Colorado/17/2016                0.4462081 0.0177484 0.2721112 0.2806203 0.3431581 0.4258684 0.2774995 0.0177484 0.1777212 0.0506564 0.1501656 0.0660174 0.1255472 0.0368874 0.0376464 0.0368874 0.0240137 0.0303554 0.1903576 0.0240137 0.0241329 0.0240137 0.0304675 0.0594370 0.0741397 0.0657747 0.0501347 0.0115941 0.0737407 0.0737407 0.0514204 0.0116789 0.0673798 0.0511055 0.0057557 0.0442803 0.0449094 0.0442803 0.0581297 0.0301941 0.0573143 0.0573143 0.0504100 0.0574926 0.0373638 0.0734381 0.0436451 0.0116789 0.0576006 0.0116424 0.0000000 0.0810176 0.0374063 0.0575325 0.0587240 0.0514204 0.0302829 0.0303729 0.0375692 0.0442803 0.0442030 0.0302829 0.0301941 0.0373638 0.0177484 0.0302829 0.0307288 0.0303302 0.0176727 0.0984146 0.0116667 0.0375583 
KX408195-A/Tennessee/23/2015               0.4114993 0.0582277 0.2768166 0.2857611 0.3813879 0.4065749 0.2585500 0.0582277 0.1600992 0.0373155 0.1331037 0.0115805 0.1267933 0.0809440 0.0829160 0.0809440 0.0657541 0.0731674 0.1710745 0.0657541 0.0661217 0.0657541 0.0735300 0.1098344 0.1270672 0.0991101 0.0963357 0.0966608 0.0176020 0.0176020 0.0993782 0.0654125 0.1198806 0.0986638 0.0890532 0.0906668 0.0922573 0.0906668 0.1069577 0.0727510 0.0305305 0.0305305 0.0241678 0.0306227 0.0822519 0.0057168 0.0306227 0.0654125 0.0306710 0.0972141 0.0810176 0.0000000 0.0823584 0.0306369 0.1082492 0.0993782 0.0729861 0.0732227 0.0827392 0.0906668 0.0904558 0.0729861 0.0727510 0.0822519 0.0734381 0.0729861 0.0743085 0.0731382 0.0730473 0.0366974 0.0809149 0.0827370 
